% Please add the following required packages to your document preamble:
% \usepackage{booktabs}
% \usepackage{graphicx}
\begin{table}[!htbp]
\centering
\resizebox{\textwidth}{!}{%
\begin{tabular}{@{}lllllllllll@{}}
\toprule
      & NCE     & NPIDD  & ND      & NPM     & NPD     & NPRT    & NPODP   & NPIIF   & NPOAF   & CPCC   \\ \midrule
NCE   & 1       & 0.6025 & 0.2763  & 0.3044  & 0.2818  & 0.1605  & -0.1307 & 0.0264  & 0.0584  & 0.731  \\
NPIDD & 0.6025  & 1      & 0.0353  & 0.1086  & 0.0559  & 0.0538  & 0.1456  & 0.2026  & 0.1916  & 0.7464 \\
ND    & 0.2763  & 0.0353 & 1       & 0.2506  & 0.3239  & 0.1072  & -0.2441 & -0.1066 & -0.0822 & 0.2051 \\
NPM   & 0.3044  & 0.1086 & 0.2506  & 1       & 0.6591  & 0.4269  & -0.0546 & 0.0952  & 0.0891  & 0.5749 \\
NPD   & 0.2818  & 0.0559 & 0.3239  & 0.6591  & 1       & 0.4037  & -0.1213 & 0.0098  & 0.0345  & 0.5706 \\
NPRT  & 0.1605  & 0.0538 & 0.1072  & 0.4269  & 0.4037  & 1       & -0.0515 & 0.0053  & 0.0669  & 0.426  \\
NPODP & -0.1307 & 0.1456 & -0.2441 & -0.0546 & -0.1213 & -0.0515 & 1       & 0.8807  & 0.8516  & 0.2482 \\
NPIIF & 0.0264  & 0.2026 & -0.1066 & 0.0952  & 0.0098  & 0.0053  & 0.8807  & 1       & 0.8983  & 0.3912 \\
NPOAF & 0.0584  & 0.1916 & -0.0822 & 0.0891  & 0.0345  & 0.0669  & 0.8516  & 0.8983  & 1       & 0.4035 \\
CPCC  & 0.731   & 0.7464 & 0.2051  & 0.5749  & 0.5706  & 0.426   & 0.2482  & 0.3912  & 0.4035  & 1      \\ \bottomrule
\end{tabular}%
}
\caption{Tabela de correlação
\label{tbl: cor-tbl}}
\end{table}